1	2251
2	2242
3	4
4	2225
5	2208
6	2230
7	12
8199	2187
8	2232
8200	2
9	2209
8201	2
10	3
8202	1
11	1
8203	10
12	1
8204	1
8206	6
15	2258
8207	1
16	2176
8208	2
8209	1
18	3
21	1
24	2227
8217	1
27	2194
28	2260
29	2255
30	2207
31	2230
8223	1
32	1
33	2266
8225	2197
34	2194
8227	2
36	2239
37	2226
40	6
41	2224
8235	2192
45	2253
8237	2158
8238	2217
8239	2
48	2258
8240	1
49	2209
8241	2252
50	2229
8242	1
8243	1
8244	2229
54	6
55	9
8247	2177
56	2203
58	2235
60	2240
61	1
62	5
63	2267
8256	4
65	1
8258	2245
67	17
8259	1
68	1
69	2217
70	2244
71	2204
72	2282
73	2303
8266	2266
75	1
77	1
78	2204
79	2185
80	2215
85	2210
87	2200
90	2207
91	2164
94	2219
99	1
100	2205
105	2203
106	1
108	1
109	1
111	2150
112	2233
113	2200
115	2220
116	1
117	2206
119	2228
120	2187
121	2192
122	1
8314	2185
125	2183
126	1
127	1
128	1
132	2224
133	2208
135	2229
136	2225
139	2215
140	1
141	2198
143	2207
144	2272
145	1
146	2251
147	9
148	1
149	10
152	2276
153	2232
154	2210
155	8
156	2251
160	2217
161	2248
162	2247
8355	1
164	2217
166	2252
167	2247
168	2178
169	2198
170	21
172	2250
173	1
174	2201
175	2187
176	2234
177	2215
178	2198
179	2226
180	2221
181	1
182	1
183	2124
184	2262
187	3
188	2202
189	2196
8381	2215
190	2257
192	2214
193	2202
196	2257
198	1
199	1
200	1
202	2155
206	1
209	2239
8401	2208
210	2212
211	2208
8407	2230
216	2268
220	2255
221	2236
222	1
8414	2229
224	1
225	2255
8417	2239
230	2214
231	2230
233	2274
234	2207
235	2236
236	2219
8428	2167
237	2213
238	1
239	1
240	2189
243	3
244	2225
245	2217
246	2181
247	2205
248	2189
249	1
251	2223
252	1
253	2206
260	2154
262	2224
263	1
264	1
266	1
267	2269
268	1
269	1
270	2216
273	2233
275	2220
276	1
277	2191
280	2191
286	2295
287	2167
290	1
291	2157
293	2194
295	2239
296	1
298	2181
299	2197
8492	1
302	2239
304	2241
309	2237
310	1
337	2225
338	2181
339	2183
340	2232
341	2198
342	2220
344	2205
345	2216
346	2196
347	2221
348	2227
349	2230
350	2237
351	2242
352	2251
353	2202
355	2218
356	2192
362	2223
364	1
371	2207
373	2196
374	2232
382	2213
393	2231
400	1
410	2180
413	1
415	2228
416	1
421	2157
428	1
429	2221
430	2189
432	2179
433	1
435	2214
8628	1
437	1
438	1
8630	2200
439	2256
441	2213
442	1
446	2215
448	2188
453	2273
455	1
458	2195
460	2264
462	1
465	2202
467	2224
468	2244
469	2214
472	1
478	2242
481	2224
488	2244
490	2193
491	2203
492	2210
494	2210
495	2274
497	2254
498	2182
499	2193
502	2269
503	2132
507	2226
508	2245
514	2179
515	2206
517	2286
519	2273
520	2212
521	2248
522	2258
523	2244
529	2203
530	2239
531	2228
532	2232
533	2264
534	2182
535	2213
536	1
537	2190
538	2
540	1
541	2241
542	1
8735	1
547	2231
548	2208
8740	1
552	2239
579	1
580	2181
582	2195
8774	2167
8775	1
585	2192
586	2210
8781	2269
8782	2256
591	2210
596	2232
599	2256
600	2186
601	2206
603	2299
605	1
607	2263
608	2207
609	2208
610	2205
612	1
8807	1
618	1
619	1
625	2238
628	2130
629	2212
630	2241
631	1
632	5
634	2253
8826	2266
635	2155
636	2163
637	1
638	2183
640	2243
8832	2249
641	2246
642	2218
643	2250
644	2246
645	2205
646	1
647	2184
649	2163
651	2239
652	2277
653	1
8845	1
655	1
656	2241
657	2244
658	2241
659	1
660	1
662	2191
663	2226
664	2258
665	2186
666	2234
8858	2150
668	2267
669	2184
671	2294
674	2223
675	2267
676	2185
679	2210
680	2206
8876	2253
685	1
687	2260
688	2230
691	2262
693	2195
698	2251
699	2261
8892	2254
703	1
707	2197
708	2227
709	2260
711	1
714	1
715	2262
718	2188
719	2263
721	2186
722	1
8914	1
724	1
726	2253
728	2233
729	2
8921	2182
730	1
731	1
8924	1
733	1
734	2157
737	2230
738	2205
739	1
742	1
743	2225
746	2200
8944	2238
8949	2214
8961	3
8962	4
772	2205
8979	1
794	2196
797	2199
799	2262
800	2271
804	2189
811	1
813	2260
815	2179
820	2219
827	2246
9025	2199
9026	2229
838	2202
840	1
843	1
845	1
849	2218
9043	2224
9044	2181
9045	2179
865	2242
866	2191
877	2226
879	2281
880	2199
881	2271
883	2158
886	2260
887	1
888	2243
890	2221
891	2254
893	2243
894	2220
897	2207
898	1
9090	2267
900	1
901	1
906	2226
907	2190
908	1
910	2156
912	2218
915	2221
9107	2258
916	2197
917	1
918	2232
920	2261
921	2285
922	1
923	2212
924	1
927	2168
929	2257
930	2196
932	2
933	1
937	1
943	2188
9135	1
944	1
946	1
948	2213
949	1
951	2296
952	2216
953	2222
957	2
958	1
959	2227
960	2216
967	1
970	2174
973	2232
974	2193
976	2174
977	1
979	2236
984	2199
985	2230
986	2249
988	2165
9181	1
990	2
994	2201
995	2206
999	2255
1001	2200
1004	2272
1005	2242
1013	2209
1016	2210
1018	1
1020	2228
1026	2
1028	1
1031	3
1032	1
1033	1
1035	2
1036	2
1037	2236
9229	1
1038	2172
1040	1
1042	1
1043	1
1044	2265
1050	2267
1051	2228
1052	2165
1053	2253
1054	2206
1055	2231
1056	2218
1057	2222
1058	2127
1059	2207
1062	2226
1063	1
1064	2240
1065	2281
1066	2251
1070	2256
1072	2213
1074	2283
1075	2232
1077	2260
1078	1
1079	1
1080	2200
9272	1
1081	1
9273	1
1082	1
1084	2251
1094	2231
1097	2214
1102	2198
1103	2229
1104	1
1105	1
1106	2240
1107	2216
1109	1
1110	1
1111	2263
1112	2282
1113	2199
1114	2203
1116	2
1117	2
1118	2
9310	1
1119	1
9311	1
1120	2212
1121	2205
1122	2280
1127	1
1128	2203
1130	2192
1132	2207
9327	2190
1136	2264
1138	1
1140	2209
1141	2215
1143	1
1144	3
1145	2253
1147	2211
1149	2191
1152	1
1153	2208
1154	2248
1157	2231
1162	2167
1165	2218
1166	2254
1169	1
1173	2169
1175	2217
1176	2236
1177	2255
1180	2234
1182	2243
1183	2214
1186	2198
1187	2188
1190	2160
1191	2225
1193	2165
1194	2226
9386	2247
1196	2215
1197	2262
1198	2206
1200	2247
1202	2229
1203	2241
1205	2229
1206	2200
1208	2200
1209	2253
1212	2142
1213	2268
1214	2197
1216	2235
1218	2254
1219	2232
1220	2224
1222	2224
1223	2217
1225	2195
1226	2163
1227	2149
1229	2183
1230	2223
1231	2222
1234	1
1236	2218
1238	1
1242	2217
1243	2119
1246	2221
1247	2252
1250	2261
1251	2273
1252	2208
1253	2217
1262	1
1264	2267
1265	2200
1268	2239
1270	2215
1273	2240
1274	2212
1276	2199
1277	2212
1278	2260
1279	1
1280	2205
1285	2174
1289	2234
1309	2198
1313	2266
1320	2229
1321	2194
1322	2166
1323	2188
1324	2247
1330	2265
1335	2278
1344	1
9540	1
1350	2196
9543	1
1352	2235
1353	2218
1354	2171
1356	2183
1359	2213
1360	2160
1361	2169
1367	2214
1371	2165
1374	2214
1376	2243
1382	2193
1386	2217
1399	2172
1403	2213
1405	2237
1408	1
1409	2189
1412	2243
1415	2237
1416	1
1417	1
1418	2158
1423	2215
1425	2259
1435	2205
1438	2252
1439	2145
1441	2293
1446	1
1448	1
1450	2216
1451	1
1452	2219
1453	1
1454	2243
1455	2272
1456	2228
1458	2275
1459	2235
1460	2216
1461	2
1462	2197
1463	1
1464	1
1465	2197
1468	2204
1469	2237
1470	2258
1472	2273
1473	2227
1474	2199
1475	2149
1476	2245
1479	2197
1480	1
1482	1
1486	2169
1488	2213
1489	2155
1490	1
1501	2200
1505	2229
1506	2201
1508	2243
1509	2211
1510	2255
1511	1
1512	2236
1514	2198
1515	2138
1517	2214
1519	2251
1520	2235
1524	2216
1525	2221
1526	2183
1528	2268
1529	2204
1531	1
1534	2205
1536	1
1538	2273
1539	2247
1545	2207
1546	2222
9739	2240
9741	2277
1550	2189
9742	2
1551	2211
9744	1
1553	2210
9745	1
1555	2192
9747	2157
1558	2177
1561	2238
1562	2226
1563	2187
9756	2178
9757	2260
9758	1
1567	2236
1569	2255
9768	2244
1579	2199
9771	1
1582	2240
9774	1
1584	2232
1587	2242
1588	1
1590	2241
1594	1
1596	3
1602	1
1605	1
1606	2208
1609	2192
1610	2296
1611	2230
1612	2232
1613	2217
1617	1
1625	1
1626	2211
1627	2248
1628	2
1629	2216
9823	2
9824	1
1633	2251
1634	1
9826	1
9827	3
1636	2201
9828	1
1637	1
9829	2210
1638	2214
1639	2262
1645	1
1646	2202
1647	2245
1649	1
9841	2219
9842	1
1651	1
9843	2212
1652	2218
9844	1
9845	2214
1654	2232
9846	2242
1655	2172
1656	2223
9848	2198
1657	2169
9849	2235
1658	2223
1659	2221
1662	2205
1663	2227
1665	2158
1675	2198
1676	2235
1678	2211
1679	2217
1682	2204
1685	2238
1688	2210
1689	2208
1691	2173
1692	1
1693	2235
1694	2202
9887	1
1696	2205
9888	1
9889	1
1699	2238
1701	2199
1706	2246
9898	1
9904	1
9905	1
1715	2196
1721	2174
1722	1
1723	2238
1724	2248
1726	2212
1728	2181
1729	2191
1735	2206
1737	2157
1738	2185
1739	2268
1741	2221
1742	2216
1743	2217
1745	2171
1746	2255
1754	2155
1755	2177
1759	2251
1760	2203
1761	2212
1762	2251
1764	2221
1767	2247
1771	2244
1772	2126
1773	2243
1774	2192
1776	2205
1779	2229
1780	2255
1783	2237
1785	2219
1786	2174
1789	1
1792	2212
1793	2206
1794	2204
1795	1
1796	2193
1797	2268
1798	1
1800	2150
1801	2199
1802	2217
1804	2218
1807	2219
1808	2191
1810	2203
1813	1
1814	2276
1815	2168
1816	2219
1817	1
1818	1
1819	2256
1820	2217
1821	2208
1822	1
1824	2212
1825	2217
1826	2162
1828	1
1829	2204
1830	2255
1831	2211
1834	1
1835	1
1836	2227
1837	2223
1838	2234
1839	2241
1840	2211
1842	2211
1845	1
1846	2220
1847	2196
1848	2157
1850	2190
1851	2215
1852	2167
1853	2214
1854	2126
1855	2207
1856	2232
1858	2270
1863	2194
1865	1
1866	1
1867	5
1869	10
1871	2209
1879	2257
1881	2198
1884	1
1885	2255
1887	1
1889	2200
1892	2188
1895	2280
1897	2179
1901	2249
1903	2249
1904	1
1905	2249
1908	1
1909	2230
1910	2257
1918	2268
1923	2217
1925	1
1926	2224
10119	1
1930	2221
1932	2230
1934	2198
1937	1
1941	1
1943	2212
1944	2244
1946	2210
1948	2215
1949	1
1950	1
1951	2268
1952	2
1953	2275
1956	2234
1957	2215
1958	2249
1959	2171
1960	2241
1961	2228
1963	2220
1965	2180
1968	1
10160	2213
1969	2208
1970	1
1971	2238
1972	2232
1975	2216
1977	1
1978	2249
1979	1
1980	1
1981	2198
1983	2263
1984	2
1985	2222
1986	2
1987	2222
1989	2285
1990	4
1991	3
1992	1
1993	3
1994	2198
1995	2295
1997	15
1998	1
1999	4
2000	5
2001	5
2002	1
2003	4
2004	1
2005	2218
2006	2212
2007	2223
2009	2246
2011	2201
2012	1
2014	1
2015	2239
2017	2212
2018	2249
2023	2290
2024	1
2025	2214
2028	2239
2029	2224
2030	2202
2031	2192
2034	1
2035	2217
2037	1
2041	1
2042	2192
2045	2238
2046	1
2047	1
2048	2219
2050	2222
2051	2260
2053	2204
2057	2188
2059	2206
2060	1
2061	2255
2062	2278
2064	2244
2066	2230
2067	2193
2068	2294
2069	2240
2072	2204
2074	2198
2075	2211
2076	2192
2081	2195
2082	2206
2084	2289
2086	1
2089	2278
2090	2208
2093	1
2095	1
2096	2219
2097	2239
2103	2257
2104	2242
2106	2245
2109	2170
2110	1
2114	1
2117	2236
2121	2241
2123	2224
2131	2170
2134	2189
2136	2234
2142	1
2151	2231
2157	2192
2162	2232
2164	2242
2165	1
2166	2213
2167	1
2170	2229
2172	1
2176	2162
2177	2189
2179	2238
2180	1
2188	2177
2189	1
2191	2233
2192	1
2194	2194
2195	2216
2202	2235
2203	2153
2204	1
2206	2213
2207	2250
2212	2241
2214	2235
2217	1
2219	2230
2221	2185
2222	2182
2223	2175
2227	2229
2233	2226
2234	2255
2243	2251
2244	2255
2246	2170
2249	2198
2251	2176
2252	2253
2254	2
2255	2
2256	2148
2257	2
2258	2205
2259	1
2262	1
2264	2236
2268	2208
2270	2193
2272	2203
2275	2206
2276	2229
2278	2232
2279	2195
2280	2236
2281	2228
2284	1
2286	2180
2287	2233
2288	2285
2290	2285
2291	2246
2294	1
2295	1
2296	2250
2297	2223
2298	2164
2299	2249
2304	2190
2305	2193
2307	2225
2308	2189
2310	2226
2311	2210
2312	2239
2313	2224
2316	2270
2322	2216
2324	1
2326	2220
2327	2192
2328	2192
2330	2230
2332	2286
2333	2193
2334	2265
2335	2222
2336	2228
2337	2182
2340	2223
2341	1
2344	2226
2345	2199
2346	2214
2347	2218
2352	2222
2356	1
2359	2207
2361	2149
2365	2136
2370	2218
2372	2184
2374	1
2378	2281
2380	1
2381	2189
2384	2265
2387	2249
2388	1
2390	1
2397	2259
2399	1
2400	2244
2401	2196
2402	1
2404	2228
2409	2279
2422	1
2423	2238
2425	2239
2426	2216
2429	2173
2430	2211
2433	2221
2439	1
2440	2209
2441	2258
2442	2202
2443	2200
2452	2228
2454	2245
2455	1
2456	1
2458	2241
2460	1
2461	2180
2467	2220
2469	1
2470	1
2471	1
2474	1
2476	2237
2477	1
2487	2253
2488	2231
2490	2190
2491	2189
2492	1
2495	2229
2496	1
2497	2228
2501	2227
2508	2
2509	2249
2512	2168
2513	2170
2517	1
2518	1
2521	1
2522	2218
2524	1
2525	2251
2526	2207
2528	2222
2531	2198
2533	1
2535	2210
2537	2233
2538	2198
2539	2216
2541	1
2543	2198
2544	1
2545	2297
2547	2239
2548	2262
2549	1
2550	2212
2551	2270
2554	2256
2555	2210
2556	2203
2559	2196
2560	2259
2562	2237
2564	2245
2566	1
2568	1
2569	2227
2570	2241
2572	2222
2575	2228
2576	2268
2577	1
2578	2226
2581	2182
2582	1
2584	2226
2586	2150
2587	1
2590	2259
2591	1
2595	2186
2596	2215
2597	2167
2599	2210
10792	1
2602	2252
2603	2238
2604	2216
2607	1
2609	2
2610	2249
2611	2270
2612	2171
2613	2177
2615	2178
2616	2226
2618	2239
2619	2234
2621	2222
2622	1
2623	2206
2624	2227
2628	1
2629	1
2630	1
2631	1
2632	1
2633	2237
2635	2253
2637	1
2638	2222
2641	2192
2642	2241
2645	2238
2647	2230
2649	2209
2650	2237
2651	1
2656	2
2657	2208
2658	2
2662	2233
2664	2174
2665	2211
2667	1
2670	1
2671	1
2672	2251
2673	2199
2678	2203
2680	2231
2683	1
2688	2216
2690	1
2697	1
2699	2136
2705	2146
2706	2292
2708	2155
2709	2203
2710	2187
2711	1
2712	2245
2713	2166
2714	2196
2715	2274
2716	1
2717	2203
2718	2239
2719	2267
2722	2269
2724	1
2725	2271
2726	2208
2728	1
2729	2236
2731	2206
2732	1
2733	2200
2734	2192
2738	2235
2739	2203
2741	1
2742	2233
2743	1
2745	2215
2746	1
2747	2248
2748	2286
10940	1
2749	2246
10941	2187
2750	2214
2751	1
2752	1
2753	2188
2755	2180
2756	2
2759	2233
2761	2195
2762	2190
2764	2178
2767	2229
2768	2221
2769	2179
2771	2200
2772	2241
2773	2181
2774	2235
2781	2250
2785	2235
2786	1
2787	2223
2788	2219
2789	2194
2792	1
2796	1
2801	2209
2802	2163
2804	1
2806	2258
2807	2223
2808	2206
2809	2280
2812	2197
2816	2210
2821	2218
2822	2228
2824	2239
2830	1
2833	1
2835	1
2844	2228
2846	2224
2848	2258
2849	1
2850	2191
2851	2215
2852	2235
2853	1
2854	2243
2856	2219
2858	1
11051	2204
2860	1
2861	2221
2864	1
2868	2204
2870	1
2874	2178
2875	2184
2877	2222
2878	2145
2879	2216
2881	2246
2882	2266
2883	2162
2884	2230
2885	2227
2888	2224
2889	1
2890	2162
2891	2160
2893	2238
2894	2239
2895	2196
2896	2187
2897	2202
2898	1
2899	2226
2900	2229
2901	2234
2902	2258
2903	2188
2907	2203
2908	2228
2910	2176
2911	2240
2912	2183
2913	2209
2914	2235
2916	2281
2917	2245
2918	2199
2920	1
2922	2209
2923	2204
2925	2235
2926	2214
2927	2222
2930	1
2931	1
2932	2184
2933	2229
2934	2224
2935	2185
2936	1
2937	2194
2938	2223
2939	2249
2940	2226
2941	2245
2942	2173
2944	2229
2945	2224
2947	2280
2948	2237
2949	2264
2952	2252
2954	2196
2955	2193
2956	1
2957	2186
2958	2269
2960	2238
2961	2219
2962	2191
2963	1
2964	2202
2965	2195
2966	2230
2967	2270
2968	2222
2969	2211
2972	2275
2973	2200
2974	2244
2975	2216
2976	2240
2979	2233
2980	2221
2981	2226
2983	2219
2985	2199
2987	2221
2988	2170
2989	2
2990	2195
2991	2194
2992	2208
2993	2258
2994	2203
2996	1
2997	2251
2999	1
3000	1
3001	2214
3002	1
3003	1
3007	2200
3008	2239
3009	2284
3010	2223
3012	2211
3015	2184
3017	2143
3018	1
3019	2245
3020	2224
3022	2228
3023	2227
3024	2292
3030	1
3034	2246
3035	2266
11229	1
3038	2252
11230	1
3039	2249
3040	2253
3042	2196
3043	2201
3050	2242
3055	1
3057	1
3061	2220
3063	2203
11257	2
3066	2231
11258	2
3068	2223
3069	2152
3071	1
3072	1
3073	1
3074	1
3076	2279
3077	2264
3079	1
3080	1
3081	2260
3084	1
3085	1
3089	1
3092	2259
3093	2239
3094	2245
3097	1
3098	2245
11290	1
3100	2252
3101	1
3103	1
3104	2197
3105	2210
3112	2200
3115	2215
3116	2274
3118	1
3120	2210
3121	2279
3122	2239
3125	2172
3127	1
3129	2205
3130	1
3131	2279
3134	2199
3135	2231
3136	2256
3137	2196
3142	2181
3143	2220
3144	2215
3146	2240
3148	1
3151	1
3152	2154
3153	2172
3155	2270
3156	2221
3157	2231
3161	2166
3163	1
3164	1
3170	1
3173	2237
3174	2215
3177	1
3179	2206
3180	2187
3181	2236
3182	2213
3183	2191
3184	2244
3186	1
3196	2236
3199	2206
3201	1
3204	1
3205	2186
3209	2
3213	2270
3215	1
3217	1
3222	2215
3223	3
3224	1
3232	2192
3235	1
3236	2243
3237	2207
3239	2204
3240	2273
3241	3
3242	1
3243	2192
3244	2279
11436	2220
3245	1
3246	1
3247	2214
3249	2208
3250	2304
3251	2239
3253	2192
3254	1
3256	2210
3257	2196
3258	1
3259	1
3260	2227
3261	2159
3262	2197
3263	2208
3264	1
3265	1
3266	2180
3267	2202
3268	1
3269	2260
3270	2187
3271	2196
3272	2222
3273	2198
3275	2241
11473	2240
3282	2150
3284	1
3287	2167
3288	1
3289	2217
3294	2203
3296	2195
3298	2198
3299	2209
3300	1
3302	2235
3303	2213
3304	2190
3305	2261
11498	1
3307	2248
3308	2213
3310	2245
3316	2204
3318	1
3319	2230
3320	2231
3321	2190
3322	2178
3323	2191
3324	2252
3325	2236
3326	2248
3328	1
3329	2229
3330	2194
3331	1
3332	1
3333	2175
3334	1
3336	2205
3337	2
3339	2176
3341	2213
3345	2222
3346	2153
3347	2244
3348	1
3349	2220
3351	2216
3353	1
3355	2272
3356	2201
3358	2
3359	2220
3361	2203
3362	2204
3363	2250
3364	2138
3366	2221
3368	2185
3369	2222
3370	2257
3371	2189
3372	2241
3373	2233
3374	2237
3375	2194
3376	2244
3377	2257
3378	2218
3379	2230
3380	2236
3381	2212
3382	2203
3383	2207
3384	2240
3385	2162
3386	2242
3387	2274
3388	2218
3389	2199
3390	2274
3391	2161
3392	2176
3393	2235
3394	2234
3395	2212
3396	2233
3397	2264
3398	1
3399	2229
3400	2170
3402	2253
3404	2200
3406	2187
3408	2198
3409	2191
3410	2248
3411	1
3413	1
3414	2217
3415	1
3417	2206
3420	3
3423	3
3426	2238
3428	2258
3429	1
3430	1
3437	2246
3442	2223
3445	2236
3446	1
3447	2221
3448	2192
3453	2260
3454	2149
3456	2191
3457	2233
3458	2189
3459	2224
3460	1
3461	2215
3462	2240
3463	2244
3465	2271
3467	2206
3469	2194
3472	2211
3473	2211
3484	2207
3486	2219
3488	2241
3491	2237
3492	9
3493	2240
3494	2252
3495	2195
3497	1
3498	2196
3502	2194
3504	2254
3513	1
3514	2188
3515	2170
3517	2263
3520	2234
3524	2211
3527	2225
3528	1
3531	2259
3533	2279
3535	1
3536	2212
3542	2235
3543	2236
3544	2234
3545	1
3546	2242
3550	2178
3558	2211
3559	2238
3560	2157
3561	2215
3564	2234
3566	2234
3570	2243
3571	2231
3576	2205
3577	2244
3578	2299
3580	2240
3582	2229
3584	1
3585	2221
3589	2198
3591	1
3596	2204
3597	1
3598	2262
3599	17
3602	2194
3604	2185
3608	2210
3609	2255
3610	1
3611	2203
3612	1
3613	2228
3615	7
3617	2220
3620	2235
3621	2243
3622	2267
3624	2168
3626	2233
3627	2201
3628	1
3630	2261
3633	2210
3636	2249
3641	2245
3642	2214
3644	2222
3645	2232
3646	2259
3650	2164
3652	2263
3653	2251
3658	2238
3659	2259
3660	2225
3661	2195
3664	2210
3665	1
3670	2248
3671	2256
3673	2163
3674	1
3675	2205
3676	2219
3678	2194
3680	2245
3681	2214
3682	2215
3685	2200
3687	2220
3689	2248
3690	2212
3691	2229
3693	5
3694	2194
3696	1
3697	2245
3698	2220
3700	2264
3701	1
3704	2206
3705	2245
3708	2219
3710	1
3711	2190
3712	2208
3713	2238
3714	2227
3715	2185
3717	2256
3718	1
3719	2230
3720	2242
3722	2251
3724	2231
3726	1
3728	2191
3729	2270
3730	1
11922	1
3731	2237
3732	2231
3734	2243
3736	1
3738	1
3739	2285
3743	2229
3744	2176
3745	2255
3747	2240
3748	2165
3749	2269
3751	2202
3752	2223
3753	2216
3754	1
3759	2223
3764	2
3770	2162
3771	2187
3774	2203
3775	2194
3777	2188
3782	2247
3784	2187
3790	1
3793	2240
3794	2246
3796	2180
3797	2229
3804	2212
3805	1
3806	2204
3807	2193
3808	2225
3811	2232
3816	1
3817	2234
3819	2227
3820	2228
3824	2225
3825	2244
3826	2202
3829	2224
3830	2258
3832	2248
3838	1
3839	2261
3840	2237
3843	1
3845	2222
3846	2250
3848	2190
3849	2173
3851	2193
3852	2171
3854	2
3855	2231
3856	2229
3857	2230
3858	2210
3859	2239
3860	2
3861	2231
3862	2217
3863	2210
3864	2221
3865	2209
3867	2139
3872	2252
3873	2206
3875	2230
3876	2195
3877	2199
3878	2174
3879	1
3880	2236
3881	1
3885	2235
3886	4
3890	1
3894	1
3896	2202
3898	2209
3901	2206
3903	2214
3904	1
3905	2183
3906	1
3908	2216
3910	2194
3911	1
3913	2254
3914	2248
3916	2194
3917	2204
3919	2191
3920	2219
3924	1
3927	2254
3928	2192
3929	2206
3930	2210
3931	2204
3932	2259
3933	2157
3936	2212
3937	1
3938	2224
3939	2265
3940	2213
3941	2229
3942	2219
3943	2226
3944	2218
3945	2229
3946	2219
3947	2182
3948	2129
3949	2235
3950	2221
3953	2229
3956	2230
3958	1
3959	2231
3964	2187
3965	2213
3967	2168
3968	1
3971	2269
3972	2237
3973	2219
3974	2167
3975	2211
3976	2256
3977	2245
3978	2222
3979	1
3980	2179
3984	1
3986	2221
3987	2246
3988	2221
3989	2232
3990	1
3992	2172
3994	2258
3995	2181
3997	1
3998	2221
3999	2210
4000	2260
4006	1
4007	1
4008	2191
4009	2214
4010	2201
4011	2256
4012	1
4013	2201
4014	2259
4015	2184
4016	2263
4017	2206
4018	2199
4019	2271
4020	2123
4021	2183
4022	1
4023	2219
4024	2216
4025	1
4026	1
4027	2250
4028	2242
4029	2233
4030	2219
4033	2263
4034	2120
4037	2190
4038	2211
4039	1
4040	2205
4041	2262
4042	1
4043	2226
4044	2247
4045	2239
4046	2266
4047	2207
4048	2217
4049	2162
4050	2172
4051	2211
4052	1
4054	1
4056	2208
4057	2218
4058	2244
4059	2223
4061	2191
4062	2210
4063	2193
4064	2226
4067	2203
4069	2201
4072	2242
4074	2156
4075	2274
4076	3
4077	1
4078	2195
4081	2224
4083	2250
4085	2222
4086	2179
4087	2206
4088	2208
4089	2175
4090	2226
4091	2229
4092	2245
4093	2192
4095	1
4097	2250
4098	1
4099	2259
4100	2205
4101	2231
4103	2229
4105	2195
4106	1
4108	2226
4109	2266
4110	2240
4111	2248
4112	2166
4113	2218
4114	2181
4115	1
4116	2254
4117	2219
4119	2217
4120	2250
4124	2204
4125	1
4127	2245
4128	2201
4129	2220
4130	2229
4131	2227
4132	1
4133	1
4135	1
4140	2129
4141	2230
4142	2216
4143	2124
4144	2220
4145	2220
4147	2
4148	2182
4149	2234
4153	1
4154	1
4155	1
4156	1
4157	2192
4158	2179
4159	2247
4160	2183
4161	2220
4162	2249
4166	2174
4167	2185
4169	2193
4183	2261
4188	1
4189	2193
4190	2265
4191	2
4192	2228
4193	1
4194	2234
4195	1
4196	2224
4197	2235
4198	2232
4199	2249
4200	1
4201	2252
4202	2247
4203	2206
4204	2240
4206	2218
4209	2211
4214	1
4215	1
4216	2263
4217	2206
4218	1
4219	2208
4235	2262
4237	1
4238	1
4239	1
4242	1
4244	1
4247	2153
4248	1
4249	1
4250	2246
4252	2247
4255	1
4256	1
4261	2179
4263	2231
4264	2228
4265	2259
4271	1
4273	2168
4274	2248
4276	1
4278	4
4279	2296
4284	1
4285	2183
4286	2223
4287	2218
4291	2252
4292	2313
4296	2199
4297	2231
4300	2237
4301	2254
4302	2195
4304	2228
4305	1
4306	2217
4308	2186
4309	2173
4312	2220
4314	2181
4315	2234
4317	2164
4318	1
4319	2216
4320	2197
4322	2275
4325	2249
4326	2222
4327	2224
4328	2277
4330	2193
4331	2209
4335	2205
4336	1
4338	1
4339	1
4341	2
4344	2212
4345	2248
4347	2203
4348	2169
4349	1
4350	2200
4352	2223
4353	2231
4354	1
4355	2182
4356	2155
4357	2261
4358	2263
4359	2208
4362	2191
4363	2204
4364	2234
4365	2195
4367	2238
4368	2225
4369	1
4371	2274
4373	1
4374	2279
4375	2300
4377	2231
4380	2209
4381	2230
4384	2263
4385	2
4386	2222
4388	2152
4389	1
5404	2228
5407	1
5409	7
5410	1
5411	5
5412	2212
5414	1
5415	1
5416	1
5417	2207
5418	2239
5419	1
5420	2230
5421	2195
5422	3
5423	2
5424	2203
5425	2231
5428	2302
5429	1
5430	2185
5431	1
5432	2239
5433	2209
5434	2236
5435	2192
5436	2224
5437	1
5438	1
5439	2
5440	1
5442	1
5443	2146
5444	1
5445	4
5446	3
5447	2231
5448	2
5449	2
5454	2254
5455	2
5457	2242
5461	1
5463	1
5464	2235
5465	1
5466	1
5467	2225
5468	2230
5469	1
5470	1
5471	9
5472	2192
5473	5
5474	3
5475	2241
5477	1
5478	1
5479	1
5480	2209
5481	1
5482	3
5485	2236
5487	2226
5488	1
5489	2
5490	6
5491	13
5492	2
5495	3
5496	2241
5497	1
5498	2
5499	5
5500	1
5501	1
5502	1
5503	3
5504	1
5506	3
5507	5
5508	2235
5509	2163
5510	2
5511	2164
5512	3
5514	2253
5515	1
5516	2231
5520	2294
5521	6
5522	2
5523	1
5524	2251
5526	2204
5527	2236
5529	2230
5531	2
5532	1
5533	2
5534	1
5535	1
5538	1
5539	2189
5543	2
5544	3
5545	2232
5546	2242
5547	9
5548	1
5550	1
5552	2203
5553	1
5554	1
5555	1
5556	1
5557	1
5562	2200
5563	1
5564	1
5566	1
5567	2220
5568	1
5569	1
5571	2237
5572	1
5574	2150
5575	1
5577	2261
5580	2200
5581	2153
5582	2265
5583	1
5584	2225
5585	2252
5586	1
5587	1
5588	1
5589	1
5591	2192
5593	2230
5594	1
5595	2229
5596	2237
5597	1
5599	2
5601	1
5604	2238
5612	1
5613	2208
5630	2242
5632	2187
5633	2236
5637	1
5641	2
5642	1
5643	1
5645	2
5652	2175
5653	1
5659	1
5665	2254
5670	2186
5671	1
5672	2231
5673	2253
5674	2252
5675	1
5680	1
5686	1
5687	2259
5688	1
5691	2242
5692	5
5693	2204
5694	2238
5695	2
5696	2274
5697	2209
5699	1
5701	1
5702	1
5703	2197
5709	2213
5711	1
5712	1
5714	1
5715	2226
5716	2249
5718	1
5719	1
5720	2174
5721	1
5722	2229
5723	1
5724	1
5725	1
5726	1
5727	1
5728	1
5729	1
5730	2213
5731	1
5732	2216
5733	1
5734	2
5735	1
5736	1
5737	2239
5738	1
5739	2204
5740	1
5741	2252
5742	1
5744	1
5746	1
5747	2268
5748	1
5749	2257
5750	2214
5751	1
5753	1
5754	2262
5756	1
5757	2225
5758	2215
5759	2153
5760	1
5761	3
5762	2170
5763	2228
5765	2185
5766	1
5767	2224
5768	2180
5769	2249
5770	1
5771	2204
5772	1
5773	2220
5774	2243
5775	2209
5776	1
5777	2211
5779	1
5780	2206
5781	1
5787	1
5793	2267
5794	2194
5796	2246
5798	2202
5799	1
5800	2238
5801	2269
5802	1
5804	2197
5805	1
5807	2233
5809	2214
5810	2208
5811	2204
5832	2216
5837	2229
5840	1
5842	2208
5844	2250
5847	2233
5848	1
5855	1
5857	1
5859	2
5861	1
5862	2186
5864	2246
5865	1
5867	7
5869	2206
5873	1
5874	1
5875	1
5877	2240
5878	1
5883	1
5884	1
5885	2
5889	2243
5890	2
5891	2
5892	4
5893	2219
5894	2196
5895	3
5896	2226
5897	2204
5898	2192
5899	1
5900	2210
5901	1
5902	2201
5903	7
5904	2206
5905	2216
5906	2278
5908	2241
5909	1
5910	2209
5911	1
5912	1
5914	1
5915	1
5916	1
5917	2232
5918	1
5919	4
5920	5
5921	5
5924	1
5925	1
5927	1
5928	2164
5930	1
5931	2213
5932	2152
5933	2173
5934	2216
5935	2254
5936	1
5937	1
5939	2183
5940	1
5941	1
5942	2179
5943	1
5949	2210
5951	2
5952	2224
5954	2203
5955	1
5957	1
5958	1
5959	1
5960	1
5961	6
5962	1
5963	2216
5964	2218
5965	3
5966	21
5967	2242
5968	2
5969	2241
5979	2249
5980	1
5984	2229
5994	2262
5996	2222
5997	2241
5998	2196
5999	2201
6000	2154
6001	1
6003	1
6005	1
6006	1
6007	2230
6008	2218
6012	1
6013	1
6016	1
6018	1
6019	1
6021	1
6022	2169
6023	1
6024	2154
6025	2269
6026	1
6034	2247
6036	1
6037	1
6038	1
6039	2235
6040	1
6045	1
6046	1
6047	2216
6051	1
6052	1
6053	1
6054	2235
6055	1
6056	1
6058	1
6066	1
6067	1
6069	1
6072	1
6073	2165
6079	2258
6080	2226
6083	1
6084	2236
6085	2221
6086	2197
6088	2247
6089	2213
6090	1
6092	2221
6093	1
6094	2206
6095	1
6098	2286
6103	1
6105	2230
6106	1
6109	1
6110	1
6111	2214
6114	2258
6118	1
6119	1
6121	2215
6122	1
6124	1
6125	1
6129	2199
6130	2251
6132	2225
6133	2230
6134	2
6135	2156
6136	3
6137	2246
6138	2267
6139	2197
6140	2206
6141	2243
6142	2183
6143	2250
6146	1
6147	2197
6148	2231
6149	2218
6150	2206
6151	2188
6152	2179
6153	1
6154	2264
6156	2203
6157	1
6159	2244
6160	2216
6162	1
6164	2208
6165	1
6166	2243
6168	1
6169	2203
6172	1
6173	2238
6174	2222
6176	2235
6179	2243
6180	2188
6182	2254
6183	1
6184	1
6185	2241
6186	2193
6187	1
6188	2202
6189	2206
6190	1
6191	2269
6192	1
6193	2181
6194	1
6195	2175
6197	2216
6198	1
6204	2210
6209	1
6212	1
6215	1
6216	1
6217	1
6218	1
6219	2
6220	2238
6222	1
6223	2155
6225	1
6231	2220
6235	2
6237	2
6238	1
6240	2182
6241	1
6242	2165
6243	2233
6245	3
6248	2
6249	2197
6253	1
6255	2232
6256	2234
6258	3
6260	1
6262	2236
6264	2207
6265	1
6266	2
6267	1
6268	1
6269	1
6270	2237
6271	2255
6272	2201
6276	2202
6278	2226
6281	1
6285	2220
6286	2212
6287	2233
6289	2
6294	2182
6295	1
6296	2
6297	1
6298	1
6300	2216
6301	2185
6302	2189
6303	2203
6304	2278
6307	2212
6309	1
6310	1
6311	1
6312	2264
6314	1
6315	1
6316	2230
6317	2217
6318	1
6319	1
6320	2230
6321	2
6322	1
6324	2207
6325	2
6329	2
6333	1
6334	1
6337	1
6338	2226
6341	2181
6342	2203
6343	2203
6344	2240
6345	2209
6346	2182
6347	2223
6348	2255
6349	2242
6350	2184
6351	2297
6352	2261
6353	2170
6354	2176
6355	2173
6356	2218
6357	2242
6358	2208
6359	2181
6360	2232
6361	2226
6363	2169
6365	1
6366	2226
6367	2201
6368	2186
6370	2229
6371	1
6372	1
6373	1
6374	2257
6375	2244
6376	2236
6377	2222
6378	2261
6379	2199
6380	2226
6381	2284
6382	2203
6383	2178
6384	2183
6385	2244
6386	2170
6387	2248
6388	2206
6390	2199
6391	2201
6392	2254
6393	2225
6394	2241
6395	2204
6396	1
6397	2196
6398	2211
6399	2254
6400	2230
6401	2193
6402	2193
6403	2280
6404	2211
6406	1
6407	2247
6408	1
6409	1
6410	2
6411	1
6412	2252
6413	2233
6414	2241
6426	1
6427	2229
6428	2205
6429	2225
6430	2193
6432	2248
6433	1
6434	2234
6435	1
6448	2
6449	2
6456	1
6457	3
6460	2183
6463	2178
6466	2219
6476	2267
6477	2226
6485	2216
6492	2211
6493	2227
6505	2238
6712	2246
6713	2
6714	2193
6715	2174
6716	1
6717	2251
6718	4
6719	1
6720	1
6721	13
6722	2214
6723	11
6724	2222
6725	2191
6727	4
6728	1
6729	1
6730	2171
6731	2
6732	1
6733	1
6734	1
6735	2203
6737	1
6738	2209
6739	2215
6740	2
6741	1
6742	2247
6743	2206
6744	1
6747	2261
6748	2222
6749	1
6750	1
6752	1
6753	2222
6755	1
6756	2206
6757	2202
6758	2221
6760	2243
6763	1
6765	4
6766	1
6767	1
6768	1
6769	1
6770	2205
6771	1
6772	1
6773	2267
6775	2
6776	2208
6777	2174
6778	2232
6779	4
6780	1
6781	1
6782	2175
6783	1
6784	1
6788	2238
6789	2246
6790	1
6792	1
6793	1
6794	1
6795	1
6800	1
6803	2254
6814	1
6825	1
6837	2236
6839	2171
6880	2193
6881	1
6883	2241
6916	2224
6919	2
6924	1
6926	1
6933	2212
6940	1
6943	1
6944	2267
6945	2156
6946	1
6949	1
6954	2193
6955	1
6957	1
6958	1
6959	1
6960	2222
6962	1
6963	2216
6969	2236
6972	1
6974	1
6989	1
6992	2194
7001	2273
7003	1
7018	2265
7029	2201
7051	2219
7054	1
7056	2203
7059	1
7062	2251
7064	2227
7065	2277
7066	1
7067	2211
7068	2221
7070	1
7071	1
7073	1
7074	1
7076	1
7078	2161
7081	2202
7082	2
7083	1
7087	1
7088	2
7090	2236
7091	3
7092	1
7093	15
7094	1
7095	1
7096	16
7097	2
7098	2276
7099	1
7102	1
7105	2211
7107	5
7108	5
7110	1
7111	1
7112	1
7113	4
7114	2
7115	1
7116	1
7117	2
7118	2
7119	1
7121	2229
7122	1
7128	1
7135	2
7136	2212
7137	2224
7138	2249
7141	4
7142	2140
7144	2200
7145	2193
7146	2183
7147	5
7148	10
7150	2
7151	1
7152	1
7153	1
7154	1
7155	1
7157	1
7158	1
7159	6
7160	2
7161	1
7162	1
7163	1
7164	1
7165	1
7167	2
7168	1
7172	1
7173	1
7176	1
7177	1
7178	1
7179	10
7180	1
7181	2
7182	2205
7183	2268
7184	1
7185	7
7186	1
7187	2158
7188	1
7190	2179
7191	2272
7192	2205
7193	11
7194	2
7195	1
7196	4
7199	1
7200	3
7201	2173
7202	3
7203	1
7205	3
7206	2
7207	6
7208	1
7209	2214
7212	1
7213	1
7214	4
7215	1
7216	2264
7217	2
7218	1
7219	1
7220	2
7235	1
7236	2194
7237	1
7238	2220
7239	1
7240	1
7241	1
7242	1
7243	2237
7246	1
7252	1
7253	1
7255	2233
7266	2212
7275	2251
7277	2245
7287	4
7288	2228
7309	1
7310	1
7313	1
7317	1
7355	2201
7356	1
7358	2213
7359	2217
7364	1
7367	1
7368	1
7369	1
7370	1
7372	2207
7373	2233
7374	2
7375	1
7376	2237
7380	2228
7382	2247
7383	1
7384	2212
7394	1
7395	1
7398	2256
7399	1
7407	2248
7417	1
7424	1
7447	2231
7450	1
7453	2282
7456	2244
7457	2207
7459	2262
7470	2247
7478	1
7479	1
7490	2195
7503	2264
7504	2218
7505	2151
7506	2274
7508	1
7519	2244
7527	1
7528	2248
7532	1
7546	2206
7547	2260
7558	1
7562	2197
7563	2176
7577	1
7579	2195
7584	1
7616	1
7617	2193
7618	1
7634	1
7642	4
7657	1
7669	1
7774	1
7821	2221
7862	2242
7863	2203
7894	2195
7895	1
7898	2205
7901	1
7932	1
7962	5
7976	5
7987	2247
8043	2239
8076	2210
8082	2284
8170	6
8173	4
8174	1
8180	2201
