1	2971
2	2977
3	2985
4	2946
5	2974
6	2946
7	2994
8199	4
8	2995
8200	2968
9	2954
8201	2944
10	2990
8202	2950
11	1
8203	1
12	1
8204	2967
8206	2967
15	2977
8207	1
16	2986
8208	2
8209	1
18	25
21	2959
24	2969
8217	2937
27	2970
28	2972
29	2936
30	2935
31	2978
8223	2960
32	2950
33	2986
8225	2969
34	2953
8227	2953
36	1
37	2979
40	2977
41	2971
8235	2960
45	2959
8237	1
8238	2947
8239	2965
48	2939
8240	3
49	2986
8241	2989
50	2986
8242	2981
8243	1
8244	1
54	2964
55	2979
8247	5
56	2992
58	2957
60	2980
61	2978
62	2981
63	2970
8256	2996
65	2
8258	2975
67	3012
8259	1
68	2944
69	2970
70	2981
71	2999
72	2983
73	2967
8266	2988
75	2
77	2957
78	2985
79	2957
80	2999
85	3010
87	2978
90	3010
91	2970
94	2946
99	1
100	2933
105	1
106	2973
108	2946
109	2998
111	2970
112	2983
113	2988
115	2950
116	2969
117	2967
119	2986
120	2987
121	3004
122	1
8314	3003
125	2944
126	2965
127	2960
128	2986
132	2936
133	2967
135	2986
136	2956
139	2970
140	2956
141	3001
143	2975
144	2974
145	5
146	2958
147	2959
148	2969
149	2981
152	2
153	2952
154	2942
155	2976
156	2995
160	2972
161	2959
162	2962
8355	2992
164	2973
166	2964
167	2979
168	2960
169	2993
170	2966
172	2972
173	2995
174	2974
175	2974
176	2966
177	2980
178	2944
179	2967
180	2996
181	2944
182	2925
183	2995
184	3010
187	2987
188	2943
189	2972
8381	2965
190	2971
192	2975
193	2949
196	2981
198	2938
199	1
200	2973
202	2970
206	1
209	2980
8401	2977
210	2974
211	2979
8407	2984
216	2978
220	2984
221	2949
222	2984
8414	2940
224	2984
225	2975
8417	3004
230	2951
231	2981
233	1
234	2947
235	2927
236	2987
8428	2960
237	2949
238	2966
239	3002
240	2966
243	2982
244	2983
245	2929
246	2969
247	2946
248	2987
249	2968
251	1
252	2988
253	2992
260	2934
262	2969
263	2958
264	2950
266	2964
267	1
268	1
269	2969
270	2963
273	2934
275	2971
276	1
277	2974
280	2981
286	2975
287	2903
290	2943
291	2953
293	2995
295	2967
296	2970
298	2978
299	2973
8492	1
302	2929
304	2953
309	2954
310	2979
337	2988
338	2962
339	2985
340	2987
341	2998
342	2966
344	2992
345	2995
346	2974
347	2958
348	2982
349	2985
350	2990
351	2977
352	2918
353	2966
355	2987
356	2986
362	1
364	2984
371	2980
373	2931
374	1
382	2964
393	2969
400	2970
410	3003
413	2961
415	2957
416	2971
421	2967
428	2949
429	2949
430	2977
432	2985
433	2990
435	2975
8628	2996
437	2952
438	1
8630	2981
439	2959
441	2966
442	2947
446	2992
448	3004
453	3001
455	2990
458	2973
460	2984
462	2981
465	2988
467	2935
468	2979
469	2939
472	2995
478	2966
481	2976
488	2954
490	2998
491	2910
492	2982
494	2936
495	2981
497	2923
498	2946
499	2980
502	2970
503	2974
507	2966
508	2949
514	2985
515	3024
517	2936
519	2974
520	2962
521	2992
522	2949
523	2953
529	2959
530	2950
531	2998
532	2983
533	2926
534	2967
535	2984
536	2992
537	2989
538	2995
540	1
541	2995
542	2994
8735	1
547	2978
548	2978
8740	2972
552	2981
579	2977
580	2986
582	2956
8774	2925
8775	2928
585	2944
586	2997
8781	2997
8782	2935
591	2967
596	2990
599	2944
600	2992
601	2976
603	2954
605	2956
607	2945
608	2957
609	3005
610	2968
612	2986
8807	2973
618	2984
619	2978
625	2943
628	2949
629	2979
630	2958
631	2924
632	3020
634	2942
8826	2988
635	2960
636	2978
637	2981
638	2937
640	2952
8832	2981
641	2976
642	2973
643	2973
644	2957
645	3003
646	1
647	2971
649	2995
651	2954
652	2982
653	2937
8845	2991
655	2980
656	2963
657	2999
658	2995
659	3019
660	2991
662	2929
663	2984
664	2989
665	3001
666	2947
8858	2981
668	2962
669	2985
671	2977
674	2990
675	2959
676	2991
679	2966
680	2999
8876	2964
685	2932
687	2980
688	3000
691	2963
693	2971
698	2997
699	2955
8892	2931
703	2982
707	2955
708	2958
709	2967
711	2997
714	2
715	2989
718	2967
719	2996
721	2973
722	2978
8914	2915
724	1
726	3012
728	2971
729	1
8921	2945
730	1
731	2985
8924	2978
733	3003
734	2995
737	2962
738	2967
739	2988
742	2949
743	2957
746	2988
8944	2964
8949	2933
8961	2998
8962	1
772	2952
8979	2962
794	2964
797	2980
799	2954
800	2960
804	2970
811	2985
813	2984
815	2960
820	2974
827	2985
9025	2990
9026	2974
838	2976
840	1
843	2963
845	2941
849	2979
9043	2965
9044	2950
9045	2990
865	2946
866	1
877	3013
879	2970
880	2943
881	2955
883	2963
886	2972
887	2992
888	2991
890	1
891	2983
893	2965
894	2980
897	2965
898	2958
9090	2962
900	2963
901	2950
906	3032
907	2974
908	2986
910	2965
912	2966
915	2944
9107	2940
916	2943
917	1
918	2979
920	2995
921	2957
922	2962
923	2985
924	2960
927	2963
929	2970
930	2959
932	2968
933	2961
937	2982
943	2964
9135	2988
944	2949
946	2953
948	2985
949	2969
951	2997
952	2974
953	2973
957	2967
958	2986
959	2983
960	2973
967	2971
970	2963
973	1
974	2947
976	2967
977	1
979	2981
984	2983
985	2984
986	2939
988	2931
9181	2980
990	2954
994	2955
995	2973
999	2942
1001	2950
1004	2980
1005	2993
1013	2928
1016	2971
1018	2954
1020	2937
1026	2949
1028	2974
1031	2958
1032	2965
1033	4
1035	3016
1036	2985
1037	2980
9229	2968
1038	3018
1040	1
1042	2996
1043	2935
1044	2996
1050	2921
1051	3002
1052	2976
1053	2947
1054	2964
1055	2984
1056	2962
1057	2961
1058	2961
1059	2946
1062	2988
1063	2971
1064	2977
1065	2981
1066	2942
1070	3009
1072	2967
1074	2988
1075	2973
1077	2975
1078	2951
1079	1
1080	2982
9272	2970
1081	2973
9273	1
1082	2973
1084	2994
1094	2955
1097	2961
1102	2936
1103	2948
1104	2964
1105	2946
1106	2901
1107	2972
1109	1
1110	3010
1111	2976
1112	2972
1113	2949
1114	2968
1116	1
1117	2973
1118	2933
9310	1
1119	2932
9311	2997
1120	2974
1121	2996
1122	2955
1127	1
1128	2965
1130	2954
1132	2950
9327	3015
1136	3003
1138	2
1140	2978
1141	2991
1143	2989
1144	2975
1145	2931
1147	2984
1149	2966
1152	2945
1153	2969
1154	2971
1157	2968
1162	2997
1165	2947
1166	2973
1169	1
1173	2965
1175	2965
1176	1
1177	3008
1180	2969
1182	2949
1183	2969
1186	2992
1187	2956
1190	2976
1191	2966
1193	2969
1194	2916
9386	2988
1196	3010
1197	2958
1198	2996
1200	2993
1202	2935
1203	2984
1205	2968
1206	2942
1208	2969
1209	2964
1212	3007
1213	2935
1214	2982
1216	2963
1218	2969
1219	2988
1220	2975
1222	3010
1223	2983
1225	2983
1226	2972
1227	2931
1229	2957
1230	2986
1231	2970
1234	2935
1236	2978
1238	2966
1242	2976
1243	2948
1246	2971
1247	2982
1250	2948
1251	2932
1252	2989
1253	2955
1262	2973
1264	2982
1265	2964
1268	3002
1270	2987
1273	2999
1274	2989
1276	2963
1277	1
1278	3011
1279	2973
1280	2955
1285	2974
1289	2952
1309	2967
1313	2951
1320	3017
1321	2987
1322	2970
1323	2936
1324	2957
1330	2970
1335	2984
1344	2960
9540	4
1350	2907
9543	1
1352	2997
1353	2973
1354	2994
1356	2950
1359	2981
1360	2964
1361	1
1367	2969
1371	2987
1374	2986
1376	2984
1382	2994
1386	2991
1399	2972
1403	2984
1405	2982
1408	2955
1409	2951
1412	2946
1415	2986
1416	2958
1417	1
1418	2971
1423	2982
1425	2984
1435	2919
1438	2939
1439	2971
1441	2954
1446	2946
1448	2991
1450	2947
1451	2971
1452	2949
1453	2983
1454	2928
1455	2978
1456	2971
1458	2991
1459	2941
1460	2987
1461	2937
1462	2969
1463	1
1464	2954
1465	2985
1468	2930
1469	2990
1470	2947
1472	2955
1473	2932
1474	2975
1475	2968
1476	2959
1479	2982
1480	2946
1482	2938
1486	2973
1488	2976
1489	2984
1490	2988
1501	2966
1505	2984
1506	2966
1508	2963
1509	3011
1510	2970
1511	2978
1512	2967
1514	2965
1515	2947
1517	2960
1519	2987
1520	2947
1524	2971
1525	3012
1526	2960
1528	2945
1529	2963
1531	2967
1534	2965
1536	2953
1538	3012
1539	2953
1545	2975
1546	2972
9739	1
9741	2948
1550	2973
9742	1
1551	2926
9744	2979
1553	2964
9745	2980
1555	2951
9747	2940
1558	2945
1561	2983
1562	2873
1563	2995
9756	2992
9757	2999
9758	1
1567	2982
1569	2987
9768	1
1579	2980
9771	2980
1582	2980
9774	2958
1584	2974
1587	2971
1588	2975
1590	2980
1594	2990
1596	3004
1602	2984
1605	2946
1606	2973
1609	2961
1610	2977
1611	2955
1612	2971
1613	2924
1617	2978
1625	2963
1626	2936
1627	2966
1628	2972
1629	2999
9823	3019
9824	2978
1633	2984
1634	2984
9826	2979
9827	2950
1636	2994
9828	3005
1637	2974
9829	1
1638	2940
1639	2963
1645	1
1646	2970
1647	2954
1649	2980
9841	2962
9842	2939
1651	1
9843	2928
1652	2978
9844	2949
9845	2993
1654	2969
9846	2983
1655	2995
1656	2983
9848	2950
1657	2974
9849	2997
1658	1
1659	1
1662	2978
1663	2968
1665	2958
1675	2937
1676	2944
1678	2963
1679	2990
1682	2970
1685	2972
1688	2985
1689	2999
1691	2980
1692	2983
1693	2998
1694	2926
9887	2974
1696	2987
9888	1
9889	2964
1699	1
1701	2976
1706	2976
9898	2955
9904	2955
9905	1
1715	2970
1721	2992
1722	2962
1723	2953
1724	2953
1726	2954
1728	2940
1729	2976
1735	2951
1737	2958
1738	2957
1739	2965
1741	2962
1742	2972
1743	2942
1745	2997
1746	2958
1754	2965
1755	2988
1759	2937
1760	2937
1761	2955
1762	2968
1764	2988
1767	2970
1771	2940
1772	2972
1773	2987
1774	2938
1776	2972
1779	2956
1780	2969
1783	3003
1785	3015
1786	2985
1789	1
1792	2934
1793	1
1794	2921
1795	2972
1796	2973
1797	2973
1798	1
1800	2971
1801	2978
1802	2966
1804	2959
1807	2988
1808	2938
1810	2946
1813	2945
1814	2982
1815	2983
1816	3013
1817	1
1818	2976
1819	2962
1820	2952
1821	2944
1822	2976
1824	2997
1825	2987
1826	2966
1828	1
1829	2979
1830	2981
1831	2971
1834	2970
1835	2909
1836	2973
1837	2959
1838	2940
1839	2961
1840	2996
1842	2996
1845	2943
1846	2915
1847	3002
1848	2961
1850	2957
1851	2958
1852	2944
1853	2992
1854	2969
1855	2948
1856	2956
1858	2975
1863	2953
1865	2962
1866	2955
1867	3009
1869	2956
1871	2978
1879	2973
1881	2994
1884	2948
1885	2965
1887	1
1889	2984
1892	2974
1895	2988
1897	2967
1901	3004
1903	2989
1904	2962
1905	2965
1908	2975
1909	2948
1910	2986
1918	2945
1923	2947
1925	2983
1926	2946
10119	1
1930	3000
1932	2967
1934	1
1937	2940
1941	2966
1943	2974
1944	1
1946	2987
1948	2983
1949	2
1950	1
1951	2982
1952	3000
1953	2990
1956	2965
1957	2999
1958	2995
1959	2959
1960	2987
1961	2955
1963	2946
1965	2974
1968	2972
10160	2951
1969	2972
1970	2976
1971	2939
1972	2935
1975	3002
1977	3002
1978	3009
1979	3002
1980	2989
1981	2957
1983	2
1984	1
1985	1
1986	2983
1987	2952
1989	3011
1990	2970
1991	2981
1992	2962
1993	2988
1994	2957
1995	2935
1997	2990
1998	9
1999	10
2000	9
2001	8
2002	1
2003	10
2004	5
2005	2983
2006	2951
2007	3007
2009	2962
2011	2967
2012	2978
2014	1
2015	2962
2017	2989
2018	1
2023	2987
2024	2984
2025	3004
2028	2942
2029	2989
2030	2934
2031	2947
2034	2964
2035	2930
2037	2962
2041	2966
2042	2968
2045	2978
2046	1
2047	2983
2048	2960
2050	2976
2051	2993
2053	2994
2057	2964
2059	2986
2060	2973
2061	2995
2062	2966
2064	3013
2066	2995
2067	2993
2068	2991
2069	2956
2072	2992
2074	2964
2075	2989
2076	2970
2081	2927
2082	2973
2084	2974
2086	2960
2089	2970
2090	2956
2093	1
2095	1
2096	2961
2097	2985
2103	1
2104	2966
2106	3002
2109	2971
2110	2926
2114	2985
2117	2951
2121	2955
2123	2971
2131	2950
2134	2949
2136	2994
2142	2946
2151	2944
2157	2959
2162	2984
2164	2990
2165	1
2166	2944
2167	2975
2170	2990
2172	2978
2176	2947
2177	2981
2179	2991
2180	2995
2188	2971
2189	2969
2191	2992
2192	1
2194	2974
2195	2940
2202	2963
2203	2992
2204	2971
2206	2989
2207	2940
2212	2968
2214	2963
2217	1
2219	2940
2221	2966
2222	2956
2223	2974
2227	2999
2233	2952
2234	2947
2243	2966
2244	2936
2246	3004
2249	2966
2251	2948
2252	2968
2254	2933
2255	2967
2256	2956
2257	2981
2258	2957
2259	2978
2262	2971
2264	2986
2268	2973
2270	3006
2272	2921
2275	2996
2276	2906
2278	3007
2279	2978
2280	2931
2281	3008
2284	1
2286	1
2287	2976
2288	2985
2290	2947
2291	1
2294	2985
2295	2993
2296	3002
2297	1
2298	2993
2299	2987
2304	2995
2305	2940
2307	2957
2308	2972
2310	2961
2311	2945
2312	3017
2313	2968
2316	2971
2322	2985
2324	2979
2326	2939
2327	2921
2328	1
2330	3024
2332	2972
2333	2968
2334	2969
2335	2960
2336	2942
2337	2910
2340	2979
2341	2990
2344	2974
2345	2940
2346	2979
2347	2954
2352	1
2356	2992
2359	2968
2361	3003
2365	2961
2370	2982
2372	2945
2374	2986
2378	2949
2380	2970
2381	2970
2384	2988
2387	2976
2388	2956
2390	2966
2397	2961
2399	1
2400	2997
2401	2962
2402	2961
2404	2957
2409	1
2422	2982
2423	2959
2425	2965
2426	2968
2429	2979
2430	2958
2433	2966
2439	1
2440	3000
2441	2970
2442	2946
2443	2947
2452	2945
2454	3000
2455	2971
2456	2951
2458	1
2460	3003
2461	2963
2467	2958
2469	2973
2470	1
2471	2993
2474	3004
2476	2968
2477	2990
2487	2982
2488	2955
2490	2947
2491	2937
2492	2953
2495	2992
2496	2975
2497	2942
2501	2976
2508	2983
2509	2972
2512	2969
2513	2959
2517	2952
2518	2
2521	2951
2522	2978
2524	2989
2525	2995
2526	2938
2528	2989
2531	2985
2533	2928
2535	2958
2537	2978
2538	2985
2539	2967
2541	2951
2543	2994
2544	2974
2545	2922
2547	2969
2548	2965
2549	1
2550	2954
2551	2996
2554	2960
2555	2955
2556	2969
2559	2949
2560	2977
2562	2995
2564	2972
2566	2927
2568	2976
2569	2902
2570	2972
2572	2929
2575	2992
2576	2968
2577	2956
2578	2967
2581	2986
2582	2
2584	2957
2586	2972
2587	2981
2590	3001
2591	2991
2595	2981
2596	1
2597	2965
2599	2940
10792	1
2602	2984
2603	2972
2604	2965
2607	2947
2609	3012
2610	2997
2611	2942
2612	2979
2613	2965
2615	2986
2616	2967
2618	2942
2619	2979
2621	2968
2622	2949
2623	2964
2624	2944
2628	1
2629	2932
2630	2991
2631	3010
2632	2967
2633	2952
2635	2956
2637	2969
2638	2969
2641	2987
2642	2976
2645	2958
2647	2980
2649	2977
2650	2982
2651	2971
2656	2992
2657	2941
2658	1
2662	2963
2664	2941
2665	2990
2667	2987
2670	2943
2671	2983
2672	2942
2673	2996
2678	2999
2680	3007
2683	3000
2688	2956
2690	2987
2697	1
2699	2955
2705	2951
2706	2
2708	2976
2709	3001
2710	2922
2711	2944
2712	2927
2713	2960
2714	2931
2715	2963
2716	1
2717	2941
2718	2977
2719	1
2722	1
2724	2988
2725	1
2726	2937
2728	4
2729	2960
2731	2938
2732	1
2733	2944
2734	2942
2738	2961
2739	2944
2741	2957
2742	2999
2743	2960
2745	2988
2746	1
2747	2967
2748	2987
10940	2973
2749	2964
10941	2959
2750	2987
2751	2963
2752	1
2753	2932
2755	2979
2756	2970
2759	2962
2761	2965
2762	2989
2764	2947
2767	2932
2768	2975
2769	2975
2771	2950
2772	2984
2773	3002
2774	2943
2781	2973
2785	2958
2786	2971
2787	2959
2788	1
2789	2981
2792	2976
2796	2962
2801	2970
2802	2943
2804	1
2806	2965
2807	2987
2808	2948
2809	2964
2812	2989
2816	2977
2821	2952
2822	2957
2824	2967
2830	2975
2833	2984
2835	2976
2844	2988
2846	2981
2848	2959
2849	2951
2850	2960
2851	2985
2852	2944
2853	2953
2854	2958
2856	2963
2858	2996
11051	2966
2860	2969
2861	2940
2864	2984
2868	2925
2870	2937
2874	2991
2875	2994
2877	2993
2878	2983
2879	2965
2881	2961
2882	2958
2883	2993
2884	2992
2885	2964
2888	2974
2889	2960
2890	2952
2891	2947
2893	2990
2894	2980
2895	2980
2896	2976
2897	2982
2898	2974
2899	2978
2900	2950
2901	2977
2902	3000
2903	2945
2907	2975
2908	2932
2910	2994
2911	2951
2912	2949
2913	2979
2914	2991
2916	2941
2917	2943
2918	2983
2920	2982
2922	2928
2923	2960
2925	2952
2926	2992
2927	2945
2930	2990
2931	2963
2932	2979
2933	2961
2934	2975
2935	2942
2936	2928
2937	2956
2938	2950
2939	2993
2940	2972
2941	2992
2942	2943
2944	2976
2945	3009
2947	2980
2948	2941
2949	3001
2952	2977
2954	2943
2955	2973
2956	2949
2957	2984
2958	2974
2960	2965
2961	2989
2962	2973
2963	3010
2964	2959
2965	2968
2966	2956
2967	2970
2968	2987
2969	1
2972	2975
2973	2974
2974	2998
2975	2960
2976	2996
2979	2941
2980	2987
2981	2954
2983	2978
2985	2932
2987	2975
2988	2968
2989	3000
2990	2975
2991	2972
2992	2947
2993	2963
2994	2975
2996	2983
2997	3000
2999	2949
3000	2954
3001	2964
3002	2946
3003	2948
3007	2952
3008	2962
3009	2990
3010	1
3012	2960
3015	2972
3017	2969
3018	2974
3019	2964
3020	2993
3022	3007
3023	2990
3024	2952
3030	2982
3034	2936
3035	2995
11229	2966
3038	2951
11230	1
3039	2945
3040	2968
3042	2966
3043	2962
3050	2954
3055	2968
3057	2984
3061	2978
3063	2954
11257	2992
3066	3009
11258	2
3068	2940
3069	2977
3071	2992
3072	2960
3073	1
3074	3004
3076	2993
3077	2981
3079	2
3080	2971
3081	2958
3084	2971
3085	2938
3089	3027
3092	2959
3093	2981
3094	2952
3097	2973
3098	3000
11290	2
3100	3006
3101	2975
3103	2986
3104	2958
3105	2973
3112	2972
3115	2948
3116	2983
3118	2981
3120	2978
3121	2982
3122	1
3125	3003
3127	2951
3129	2954
3130	2971
3131	2952
3134	2969
3135	2968
3136	2950
3137	2963
3142	2968
3143	2962
3144	2974
3146	2967
3148	1
3151	1
3152	2947
3153	2979
3155	3010
3156	2974
3157	2952
3161	2970
3163	2935
3164	1
3170	2965
3173	2979
3174	2997
3177	2934
3179	2980
3180	1
3181	2962
3182	2963
3183	2933
3184	2969
3186	1
3196	2981
3199	2952
3201	1
3204	2938
3205	2956
3209	2955
3213	2986
3215	2956
3217	2987
3222	2979
3223	3
3224	2992
3232	2980
3235	2959
3236	2995
3237	2957
3239	3002
3240	2994
3241	1
3242	2976
3243	2988
3244	2982
11436	2955
3245	1
3246	2974
3247	2960
3249	2987
3250	2952
3251	2951
3253	2965
3254	2938
3256	2980
3257	2952
3258	2965
3259	2956
3260	2977
3261	2951
3262	2951
3263	2978
3264	2954
3265	2966
3266	2958
3267	2992
3268	2969
3269	2982
3270	2964
3271	2958
3272	2961
3273	3006
3275	2992
11473	2953
3282	2944
3284	2965
3287	2947
3288	3005
3289	2945
3294	2952
3296	2933
3298	2972
3299	2966
3300	2969
3302	1
3303	2988
3304	2932
3305	2983
11498	2977
3307	2970
3308	2966
3310	2918
3316	2988
3318	1
3319	2980
3320	3005
3321	2958
3322	2970
3323	2986
3324	2983
3325	2951
3326	2982
3328	2996
3329	2963
3330	2985
3331	2989
3332	1
3333	2980
3334	2971
3336	3015
3337	2967
3339	2981
3341	2949
3345	2944
3346	2929
3347	2966
3348	2991
3349	2922
3351	2931
3353	2964
3355	2938
3356	2994
3358	2988
3359	2984
3361	2946
3362	1
3363	2936
3364	2967
3366	2945
3368	2968
3369	2996
3370	2947
3371	2972
3372	2935
3373	2942
3374	2967
3375	2918
3376	2938
3377	2957
3378	2953
3379	2960
3380	2973
3381	2982
3382	2959
3383	2944
3384	2953
3385	2990
3386	2966
3387	2962
3388	2973
3389	2968
3390	2971
3391	2957
3392	3005
3393	2984
3394	2931
3395	2983
3396	2979
3397	2988
3398	2950
3399	3002
3400	2978
3402	2947
3404	2946
3406	3005
3408	2926
3409	2938
3410	2961
3411	2991
3413	2915
3414	3008
3415	2979
3417	3007
3420	2949
3423	2928
3426	2956
3428	2997
3429	3003
3430	2968
3437	2965
3442	2976
3445	1
3446	2961
3447	2981
3448	2957
3453	2955
3454	2959
3456	2959
3457	2982
3458	2971
3459	2918
3460	1
3461	2970
3462	2978
3463	2959
3465	2937
3467	2946
3469	2985
3472	2885
3473	2915
3484	2983
3486	2989
3488	2980
3491	1
3492	2994
3493	2978
3494	2970
3495	2947
3497	2977
3498	3002
3502	2985
3504	2969
3513	2944
3514	2985
3515	2968
3517	2973
3520	3002
3524	2962
3527	2955
3528	2973
3531	3011
3533	2966
3535	2977
3536	2961
3542	2933
3543	2943
3544	2989
3545	2975
3546	2974
3550	2976
3558	2973
3559	2945
3560	2966
3561	2951
3564	2958
3566	2960
3570	2978
3571	2932
3576	2981
3577	2970
3578	2995
3580	2958
3582	2996
3584	1
3585	2940
3589	2952
3591	2979
3596	3009
3597	2946
3598	2989
3599	2982
3602	2946
3604	2900
3608	2961
3609	2986
3610	2
3611	2974
3612	2999
3613	2969
3615	2983
3617	2983
3620	2958
3621	2958
3622	2972
3624	2977
3626	2970
3627	2976
3628	2948
3630	3000
3633	2963
3636	2931
3641	2957
3642	2970
3644	2926
3645	2962
3646	2998
3650	3007
3652	2971
3653	2993
3658	2983
3659	2968
3660	2976
3661	2958
3664	2970
3665	2936
3670	3009
3671	2957
3673	2976
3674	2952
3675	2983
3676	2966
3678	2994
3680	2965
3681	2977
3682	3015
3685	3012
3687	2980
3689	2985
3690	2958
3691	2949
3693	2991
3694	2972
3696	2966
3697	2957
3698	2976
3700	2959
3701	1
3704	2993
3705	2931
3708	2974
3710	3005
3711	2980
3712	2993
3713	3015
3714	2945
3715	2936
3717	2954
3718	1
3719	2975
3720	2998
3722	2951
3724	2958
3726	2
3728	2990
3729	2976
3730	2984
11922	2961
3731	2973
3732	2980
3734	2976
3736	2968
3738	2942
3739	2971
3743	1
3744	2955
3745	2982
3747	2983
3748	2974
3749	2951
3751	2982
3752	2946
3753	2971
3754	2977
3759	3000
3764	2980
3770	2986
3771	2987
3774	2942
3775	2949
3777	2964
3782	2954
3784	2983
3790	2989
3793	2977
3794	2969
3796	2965
3797	2964
3804	1
3805	2995
3806	2996
3807	2976
3808	2994
3811	2977
3816	2982
3817	2974
3819	2962
3820	2982
3824	2966
3825	2935
3826	2938
3829	2961
3830	2991
3832	2996
3838	2976
3839	2950
3840	2990
3843	2958
3845	2987
3846	3000
3848	2977
3849	2988
3851	2973
3852	2972
3854	4
3855	2932
3856	1
3857	2981
3858	2963
3859	3003
3860	4
3861	2973
3862	2983
3863	2972
3864	2958
3865	1
3867	2961
3872	2979
3873	3033
3875	2995
3876	2989
3877	2970
3878	2912
3879	2959
3880	2956
3881	2956
3885	2934
3886	1
3890	2959
3894	2985
3896	2987
3898	2976
3901	2957
3903	2968
3904	2976
3905	2948
3906	1
3908	2942
3910	2999
3911	2952
3913	2962
3914	1
3916	2980
3917	1
3919	2977
3920	2953
3924	2961
3927	2972
3928	2954
3929	2924
3930	2957
3931	2965
3932	2974
3933	2952
3936	2946
3937	2988
3938	2961
3939	2954
3940	2954
3941	2934
3942	2961
3943	2960
3944	2993
3945	2992
3946	2972
3947	2985
3948	2905
3949	2980
3950	2999
3953	2953
3956	2991
3958	2972
3959	2974
3964	2994
3965	2948
3967	2962
3968	2944
3971	2947
3972	2981
3973	2964
3974	2978
3975	2971
3976	2961
3977	2978
3978	2973
3979	1
3980	2956
3984	1
3986	2964
3987	2931
3988	2973
3989	2970
3990	2976
3992	2978
3994	2989
3995	2973
3997	3007
3998	2952
3999	2976
4000	2961
4006	3005
4007	2966
4008	3008
4009	2960
4010	2957
4011	2949
4012	2941
4013	2998
4014	2962
4015	2977
4016	2964
4017	2976
4018	2951
4019	2987
4020	2960
4021	2999
4022	2970
4023	2951
4024	2928
4025	2949
4026	1
4027	2969
4028	2966
4029	2945
4030	2922
4033	2984
4034	2976
4037	2923
4038	2964
4039	2980
4040	2991
4041	2954
4042	2985
4043	2988
4044	2980
4045	2979
4046	2967
4047	2993
4048	2970
4049	2971
4050	1
4051	2965
4052	2978
4054	3013
4056	2982
4057	2967
4058	2986
4059	2967
4061	2969
4062	2951
4063	2990
4064	2984
4067	2969
4069	2926
4072	2981
4074	2975
4075	3029
4076	2964
4077	2925
4078	2974
4081	2973
4083	2970
4085	2994
4086	2962
4087	2978
4088	2975
4089	2982
4090	2963
4091	2950
4092	3011
4093	2948
4095	2987
4097	2958
4098	1
4099	2988
4100	2945
4101	3020
4103	3025
4105	2967
4106	2984
4108	2981
4109	2979
4110	2971
4111	2976
4112	2993
4113	2982
4114	3007
4115	2987
4116	3004
4117	2989
4119	2965
4120	2927
4124	2959
4125	1
4127	2990
4128	2980
4129	2967
4130	2960
4131	2944
4132	2950
4133	2975
4135	2961
4140	2967
4141	2978
4142	2980
4143	2969
4144	2999
4145	2993
4147	2996
4148	2961
4149	2962
4153	2993
4154	3012
4155	2977
4156	2985
4157	2963
4158	2973
4159	2965
4160	2990
4161	3038
4162	2963
4166	2960
4167	2961
4169	2943
4183	2954
4188	2937
4189	2956
4190	2969
4191	2977
4192	2989
4193	1
4194	2980
4195	1
4196	1
4197	2990
4198	2974
4199	2959
4200	2959
4201	2979
4202	2989
4203	2978
4204	2965
4206	2978
4209	2938
4214	2939
4215	2931
4216	3000
4217	2955
4218	1
4219	2985
4235	2956
4237	2990
4238	2981
4239	2957
4242	2940
4244	2963
4247	2931
4248	2980
4249	1
4250	1
4252	2958
4255	1
4256	2948
4261	1
4263	1
4264	2943
4265	2930
4271	2963
4273	2943
4274	2985
4276	2990
4278	2953
4279	2982
4284	3004
4285	2959
4286	2975
4287	2982
4291	2978
4292	2937
4296	2967
4297	2960
4300	1
4301	2979
4302	2990
4304	2937
4305	2972
4306	1
4308	2953
4309	2987
4312	2961
4314	2947
4315	2999
4317	2943
4318	2956
4319	2962
4320	2986
4322	3011
4325	2953
4326	2964
4327	2979
4328	2989
4330	2924
4331	2960
4335	2973
4336	1
4338	2964
4339	2959
4341	2973
4344	2924
4345	2979
4347	2977
4348	2909
4349	2945
4350	2980
4352	2962
4353	2971
4354	2975
4355	2950
4356	2948
4357	2977
4358	2936
4359	2967
4362	2973
4363	2958
4364	2965
4365	2971
4367	2935
4368	2968
4369	2985
4371	2969
4373	2968
4374	2999
4375	2952
4377	2959
4380	2942
4381	2996
4384	2945
4385	2927
4386	2954
4388	1
4389	1
5404	1
5407	2
5409	2977
5410	2945
5411	3012
5412	2983
5414	2960
5415	2963
5416	1
5417	2997
5418	2928
5419	2957
5420	2951
5421	2938
5422	2981
5423	2997
5424	2994
5425	2963
5428	2959
5429	1
5430	3002
5431	2967
5432	2970
5433	2981
5434	2906
5435	2932
5436	2964
5437	2928
5438	3
5439	2
5440	2956
5442	2973
5443	2995
5444	2979
5445	2946
5446	1
5447	2970
5448	3
5449	2982
5454	2990
5455	2958
5457	2950
5461	2974
5463	1
5464	2938
5465	2965
5466	2961
5467	2947
5468	2984
5469	2960
5470	2992
5471	2977
5472	2931
5473	2967
5474	2959
5475	2979
5477	2999
5478	2982
5479	2978
5480	2999
5481	2951
5482	3
5485	2983
5487	3003
5488	1
5489	2943
5490	2973
5491	2990
5492	1
5495	2965
5496	2950
5497	2920
5498	2969
5499	2958
5500	1
5501	2956
5502	2991
5503	2951
5504	2975
5506	1
5507	2985
5508	2993
5509	1
5510	2953
5511	2974
5512	2967
5514	2974
5515	2987
5516	2957
5520	2962
5521	2980
5522	2
5523	2999
5524	2948
5526	2995
5527	2969
5529	2961
5531	2922
5532	2
5533	2971
5534	2944
5535	2981
5538	2962
5539	2978
5543	4
5544	2968
5545	1
5546	2994
5547	2963
5548	2
5550	2983
5552	2986
5553	2968
5554	2977
5555	2989
5556	2944
5557	2995
5562	2942
5563	2963
5564	2970
5566	2989
5567	3000
5568	2962
5569	2969
5571	2987
5572	2973
5574	2931
5575	2969
5577	2966
5580	2987
5581	2976
5582	2958
5583	2963
5584	2925
5585	2954
5586	2920
5587	2950
5588	2966
5589	2975
5591	2952
5593	2971
5594	2907
5595	2930
5596	2983
5597	2994
5599	3003
5601	2960
5604	2982
5612	2972
5613	2943
5630	2988
5632	2999
5633	2984
5637	2959
5641	2997
5642	4
5643	3005
5645	4
5652	2961
5653	2938
5659	1
5665	2965
5670	2923
5671	2992
5672	2930
5673	2996
5674	2971
5675	2953
5680	2939
5686	2927
5687	2963
5688	3013
5691	2974
5692	2971
5693	1
5694	2970
5695	2967
5696	2989
5697	2976
5699	2986
5701	2931
5702	2969
5703	2985
5709	2979
5711	1
5712	2952
5714	2953
5715	1
5716	2977
5718	1
5719	2970
5720	2961
5721	2986
5722	2941
5723	1
5724	2940
5725	2999
5726	2957
5727	2960
5728	2947
5729	2998
5730	2947
5731	1
5732	2975
5733	2963
5734	2965
5735	1
5736	2960
5737	2989
5738	2973
5739	2942
5740	2938
5741	2972
5742	2978
5744	2987
5746	2969
5747	2975
5748	1
5749	2950
5750	2969
5751	2975
5753	1
5754	2979
5756	1
5757	2943
5758	2933
5759	2999
5760	2957
5761	3016
5762	3011
5763	1
5765	2
5766	2949
5767	1
5768	2932
5769	2958
5770	2969
5771	2986
5772	2993
5773	2973
5774	2931
5775	1
5776	1
5777	2
5779	1
5780	2985
5781	2994
5787	2984
5793	2965
5794	2966
5796	2934
5798	2946
5799	2955
5800	2969
5801	2978
5802	1
5804	2948
5805	3009
5807	2937
5809	2993
5810	2966
5811	2976
5832	2980
5837	3000
5840	1
5842	2985
5844	2970
5847	2956
5848	1
5855	1
5857	2956
5859	2985
5861	1
5862	2991
5864	1
5865	2925
5867	2999
5869	2979
5873	2992
5874	2961
5875	2969
5877	2962
5878	2970
5883	2941
5884	1
5885	2945
5889	2959
5890	2980
5891	2966
5892	2961
5893	2992
5894	2951
5895	2929
5896	2960
5897	3012
5898	2966
5899	2964
5900	2979
5901	2983
5902	2986
5903	2968
5904	2948
5905	2956
5906	2986
5908	2974
5909	1
5910	2989
5911	1
5912	2956
5914	2968
5915	2986
5916	2993
5917	2970
5918	2990
5919	10
5920	1
5921	1
5924	2966
5925	2981
5927	2967
5928	2962
5930	2985
5931	3008
5932	2978
5933	2991
5934	2943
5935	3006
5936	2975
5937	2967
5939	2948
5940	2949
5941	2992
5942	2997
5943	2960
5949	2983
5951	2966
5952	2975
5954	2971
5955	2971
5957	1
5958	2969
5959	2916
5960	3013
5961	2971
5962	2983
5963	2976
5964	2981
5965	2949
5966	2965
5967	2984
5968	2942
5969	2967
5979	2953
5980	2974
5984	2957
5994	2935
5996	2964
5997	2982
5998	2940
5999	2998
6000	2965
6001	2955
6003	2961
6005	2968
6006	2982
6007	2962
6008	2976
6012	1
6013	2921
6016	2987
6018	2986
6019	2948
6021	1
6022	2997
6023	3018
6024	2978
6025	2968
6026	2963
6034	2959
6036	2914
6037	2955
6038	2971
6039	2945
6040	2967
6045	2972
6046	2957
6047	2943
6051	2991
6052	1
6053	2989
6054	1
6055	2959
6056	1
6058	2982
6066	2995
6067	2933
6069	2957
6072	2958
6073	2949
6079	2967
6080	2977
6083	2992
6084	2970
6085	2983
6086	2975
6088	2944
6089	2982
6090	1
6092	2974
6093	2970
6094	2993
6095	3001
6098	2972
6103	2986
6105	2961
6106	2990
6109	2915
6110	2932
6111	2975
6114	2968
6118	2993
6119	2991
6121	2969
6122	2969
6124	2960
6125	1
6129	2985
6130	2
6132	3002
6133	2952
6134	4
6135	2946
6136	8
6137	2981
6138	2968
6139	3025
6140	2968
6141	2902
6142	2965
6143	2997
6146	1
6147	2959
6148	2984
6149	2976
6150	2955
6151	2972
6152	2973
6153	2978
6154	1
6156	2931
6157	1
6159	2956
6160	2965
6162	2979
6164	1
6165	2966
6166	2950
6168	2947
6169	2951
6172	2952
6173	2966
6174	2963
6176	2950
6179	2971
6180	2975
6182	2964
6183	2965
6184	2934
6185	2964
6186	2956
6187	2952
6188	2963
6189	2945
6190	2984
6191	2973
6192	1
6193	2956
6194	2973
6195	2962
6197	2965
6198	1
6204	2956
6209	1
6212	2974
6215	1
6216	2932
6217	2982
6218	1
6219	2940
6220	2936
6222	2996
6223	2973
6225	2968
6231	2951
6235	2952
6237	2950
6238	2954
6240	1
6241	2964
6242	3004
6243	2998
6245	2986
6248	2961
6249	2940
6253	2981
6255	2993
6256	1
6258	2975
6260	2955
6262	2966
6264	2973
6265	1
6266	2972
6267	3000
6268	1
6269	2946
6270	2961
6271	2
6272	2980
6276	2971
6278	2995
6281	2
6285	2980
6286	2994
6287	1
6289	2952
6294	2959
6295	2957
6296	2934
6297	2982
6298	2959
6300	1
6301	3018
6302	2946
6303	2968
6304	2998
6307	1
6309	2966
6310	2980
6311	1
6312	2967
6314	2951
6315	2932
6316	2979
6317	2985
6318	2971
6319	2996
6320	2913
6321	2936
6322	2955
6324	2997
6325	2965
6329	2952
6333	2950
6334	3020
6337	1
6338	2946
6341	3015
6342	2946
6343	2994
6344	2952
6345	2936
6346	2929
6347	2956
6348	2973
6349	2945
6350	2922
6351	3013
6352	2967
6353	2960
6354	2987
6355	2979
6356	2964
6357	3002
6358	2990
6359	2957
6360	2952
6361	2982
6363	2957
6365	2962
6366	2998
6367	2994
6368	2913
6370	2964
6371	2973
6372	1
6373	2953
6374	2971
6375	2972
6376	2954
6377	1
6378	2967
6379	2958
6380	2956
6381	2981
6382	2961
6383	2985
6384	2911
6385	2983
6386	2977
6387	2978
6388	2964
6390	2978
6391	2963
6392	2965
6393	2976
6394	2975
6395	2965
6396	2976
6397	2984
6398	2962
6399	2963
6400	2997
6401	2947
6402	2993
6403	2968
6404	2945
6406	2958
6407	2935
6408	2965
6409	2968
6410	2972
6411	2978
6412	2959
6413	2988
6414	2975
6426	1
6427	2990
6428	2986
6429	2968
6430	2993
6432	2975
6433	2963
6434	2961
6435	2985
6448	2
6449	2
6456	2974
6457	2964
6460	2954
6463	2982
6466	1
6476	2972
6477	2975
6485	2971
6492	2973
6493	2949
6505	2977
6712	1
6713	2
6714	2946
6715	2956
6716	3
6717	25
6718	4
6719	2984
6720	1
6721	3
6722	2956
6723	2968
6724	3001
6725	2936
6727	2944
6728	2963
6729	2968
6730	1
6731	3
6732	2917
6733	2997
6734	2968
6735	2972
6737	1
6738	2955
6739	2980
6740	2970
6741	2975
6742	2952
6743	2933
6744	2971
6747	2981
6748	1
6749	2958
6750	2981
6752	2959
6753	2973
6755	2989
6756	2968
6757	2990
6758	2961
6760	2961
6763	2951
6765	2992
6766	2966
6767	2983
6768	1
6769	2990
6770	2979
6771	2993
6772	2954
6773	2950
6775	2950
6776	3013
6777	2973
6778	2957
6779	3
6780	1
6781	2973
6782	2952
6783	1
6784	2988
6788	2955
6789	2983
6790	2971
6792	2
6793	2989
6794	2960
6795	2950
6800	2976
6803	2
6814	2979
6825	2951
6837	2967
6839	2962
6880	2971
6881	2944
6883	2969
6916	2948
6919	2968
6924	2954
6926	1
6933	2966
6940	2967
6943	2971
6944	2964
6945	3004
6946	1
6949	2969
6954	2930
6955	2937
6957	2976
6958	2973
6959	3003
6960	2963
6962	2969
6963	2966
6969	2995
6972	2992
6974	2938
6989	2974
6992	2973
7001	2969
7003	2971
7018	2963
7029	2959
7051	2962
7054	2954
7056	2969
7059	2940
7062	2969
7064	2985
7065	1
7066	2979
7067	2967
7068	1
7070	2919
7071	2930
7073	2953
7074	1
7076	2962
7078	2960
7081	2960
7082	3
7083	2
7087	2953
7088	2969
7090	2997
7091	1
7092	2999
7093	2999
7094	3
7095	2930
7096	2957
7097	2957
7098	2979
7099	1
7102	1
7105	2980
7107	2973
7108	2990
7110	1
7111	2995
7112	2974
7113	2957
7114	2989
7115	2981
7116	2
7117	2967
7118	2935
7119	2952
7121	2983
7122	1
7128	2956
7135	2952
7136	2953
7137	2962
7138	2
7141	2940
7142	1
7144	19
7145	2962
7146	2965
7147	2973
7148	1
7150	1
7151	2964
7152	1
7153	2978
7154	1
7155	2999
7157	2957
7158	1
7159	2955
7160	3010
7161	1
7162	2
7163	2977
7164	2
7165	8
7167	2
7168	3
7172	1
7173	2
7176	1
7177	2945
7178	2
7179	2942
7180	2983
7181	3026
7182	2963
7183	2983
7184	2977
7185	2979
7186	2985
7187	2993
7188	2978
7190	2975
7191	2974
7192	2947
7193	2992
7194	2960
7195	1
7196	3
7199	2972
7200	2961
7201	2929
7202	1
7203	2975
7205	2915
7206	2971
7207	2938
7208	2964
7209	2964
7212	2969
7213	2950
7214	1
7215	4
7216	2990
7217	2958
7218	2960
7219	2985
7220	2955
7235	1
7236	2946
7237	1
7238	2966
7239	2978
7240	2990
7241	1
7242	2971
7243	1
7246	2947
7252	2978
7253	2952
7255	2946
7266	2966
7275	2974
7277	1
7287	2969
7288	2950
7309	2
7310	1
7313	2975
7317	2964
7355	2991
7356	2949
7358	2938
7359	2963
7364	2974
7367	2944
7368	2966
7369	1
7370	1
7372	3003
7373	2962
7374	4
7375	2951
7376	2906
7380	2976
7382	3007
7383	2979
7384	2962
7394	2992
7395	2969
7398	2965
7399	1
7407	1
7417	2954
7424	2989
7447	2965
7450	2927
7453	2970
7456	2974
7457	2966
7459	2952
7470	3002
7478	2986
7479	2952
7490	2989
7503	2997
7504	2947
7505	2966
7506	3006
7508	2976
7519	2975
7527	2965
7528	1
7532	2960
7546	2983
7547	2959
7558	1
7562	2992
7563	2962
7577	2972
7579	2951
7584	2934
7616	2991
7617	1
7618	2986
7634	2
7642	2987
7657	2961
7669	2960
7774	2978
7821	2961
7862	2993
7863	2980
7894	2987
7895	2985
7898	3013
7901	2
7932	3004
7962	2969
7976	2976
7987	2956
8043	1
8076	2972
8082	2915
8170	1
8173	2
8174	2988
8180	2997
